---------------------------------------------------------------------------------------------------------------------------------------------------------------------------------
  Bin Id                  Marker lineage            # genomes   # markers   # marker sets    0     1    2    3    4    5+   Completeness   Contamination   Strain heterogeneity  
---------------------------------------------------------------------------------------------------------------------------------------------------------------------------------
  bin_19               k__Bacteria (UID203)            5449        104            58         0     7    18   32   20   27      100.00          250.30              6.03          
  bin_11                k__Archaea (UID2)              207         145           103         2     31   59   42   5    6       98.06           123.67             28.95          
  bin_4               k__Bacteria (UID2495)            2993        147            91         2    145   0    0    0    0       97.80            0.00               0.00          
  bin_30         c__Gammaproteobacteria (UID4274)      112         577           287         28   542   7    0    0    0       97.78            1.20              14.29          
  bin_28              k__Bacteria (UID2565)            2921        142            87         3    139   0    0    0    0       97.63            0.00               0.00          
  bin_5               k__Bacteria (UID2565)            2921        142            87         13   125   4    0    0    0       91.31            3.45              75.00          
  bin_22               k__Bacteria (UID203)            5449        102            58         6     69   23   4    0    0       90.52           23.04              25.71          
  bin_27              k__Bacteria (UID3187)            2258        188           117         15   168   5    0    0    0       90.07            2.78              20.00          
  bin_unbinned         k__Bacteria (UID203)            5449        100            55         7     7    10   16   11   49      87.27           231.55              3.15          
  bin_10           o__Actinomycetales (UID1663)        488         310           185         47   252   11   0    0    0       83.80            4.64              72.73          
  bin_8               k__Bacteria (UID2495)            2993        147            91         16   130   1    0    0    0       83.52            1.10              100.00         
  bin_26           p__Proteobacteria (UID3880)         1495        261           164         38   213   10   0    0    0       82.44            4.98              70.00          
  bin_14              k__Bacteria (UID2495)            2993        147            91         26   120   1    0    0    0       80.56            0.10              100.00         
  bin_18                k__Archaea (UID2)              207         145           103         35   101   9    0    0    0       78.73            7.77              22.22          
  bin_1               k__Bacteria (UID1453)            901         171           117         40   122   9    0    0    0       76.44            5.47              66.67          
  bin_7            p__Proteobacteria (UID3880)         1495        261           164         57   177   26   1    0    0       76.13           11.68              62.07          
  bin_15              k__Bacteria (UID3187)            2258        190           119         54   131   5    0    0    0       70.26            2.52              80.00          
  bin_32             p__Euryarchaeota (UID3)           148         188           125         61   126   1    0    0    0       66.80            0.80               0.00          
  bin_2               k__Bacteria (UID3187)            2258        188           117         68   108   12   0    0    0       61.11            6.48              41.67          
  bin_20               k__Bacteria (UID203)            5449        104            58         64    38   2    0    0    0       60.34            3.45              50.00          
  bin_24                k__Archaea (UID2)              207         145           103         65    57   20   3    0    0       56.55           21.04              89.66          
  bin_3                k__Bacteria (UID203)            5449        104            58         70    31   3    0    0    0       51.72            5.17              33.33          
  bin_31         c__Gammaproteobacteria (UID4201)      1164        275           174        143   122   9    1    0    0       46.76            0.55              16.67          
  bin_16           p__Actinobacteria (UID1454)         732         199           116         95   100   4    0    0    0       44.89            1.47              75.00          
  bin_33           o__Actinomycetales (UID1696)        455         315           190        185   128   2    0    0    0       42.51            0.44              100.00         
  bin_25               k__Bacteria (UID203)            5449        104            58         74    28   2    0    0    0       40.30            1.72               0.00          
  bin_23             p__Euryarchaeota (UID3)           148         188           125        121    65   2    0    0    0       37.52            1.60              50.00          
  bin_6               k__Bacteria (UID3187)            2258        188           117        135    53   0    0    0    0       32.62            0.00               0.00          
  bin_13                k__Archaea (UID2)              207         145           103        109    34   2    0    0    0       30.10            1.94              100.00         
  bin_29                k__Archaea (UID2)              207         149           107        118    31   0    0    0    0       23.83            0.00               0.00          
  bin_12               k__Bacteria (UID203)            5449        104            58         90    12   2    0    0    0       20.69            3.45              100.00         
  bin_9                k__Bacteria (UID203)            5449        104            58         84    19   0    1    0    0       16.93            3.45               0.00          
  bin_21                k__Archaea (UID2)              207         145           103        127    18   0    0    0    0       13.43            0.00               0.00          
  bin_17                k__Archaea (UID2)              207         145           103        131    14   0    0    0    0       10.68            0.00               0.00          
---------------------------------------------------------------------------------------------------------------------------------------------------------------------------------
