---------------------------------------------------------------------------------------------------------------------------------------------------------------------------------
  Bin Id                  Marker lineage            # genomes   # markers   # marker sets    0     1    2    3    4    5+   Completeness   Contamination   Strain heterogeneity  
---------------------------------------------------------------------------------------------------------------------------------------------------------------------------------
  bin_3                    root (UID1)                 5656         56            24         0     0    3    9    11   33      100.00          349.40              7.99          
  bin_14                k__Archaea (UID2)              207         145           103         9     99   36   1    0    0       94.02           29.13              15.38          
  bin_unbinned         k__Bacteria (UID203)            5449        104            58         10    15   15   13   13   38      83.62           155.43              1.43          
  bin_22              k__Bacteria (UID2565)            2921        142            87         18   120   4    0    0    0       83.07            3.55              25.00          
  bin_24                k__Archaea (UID2)              207         145           103         23    59   63   0    0    0       81.55           42.29               3.17          
  bin_20              k__Bacteria (UID1453)            901         171           117         27   141   3    0    0    0       80.68            2.14               0.00          
  bin_11           o__Actinomycetales (UID1663)        488         310           185         74   225   11   0    0    0       71.45            3.61              54.55          
  bin_15           p__Proteobacteria (UID3880)         1495        261           164         96   122   39   4    0    0       62.48           23.31              56.86          
  bin_6            o__Actinomycetales (UID1663)        488         310           185        106   196   8    0    0    0       61.07            1.97              75.00          
  bin_2                 k__Archaea (UID2)              207         145           103         70    75   0    0    0    0       59.71            0.00               0.00          
  bin_17             p__Euryarchaeota (UID3)           148         188           125         65   118   5    0    0    0       58.31            3.20              100.00         
  bin_23               k__Bacteria (UID203)            5449        104            58         46    43   11   4    0    0       55.17           18.50               8.70          
  bin_16             p__Euryarchaeota (UID3)           148         188           125         87   100   1    0    0    0       50.67            0.80              100.00         
  bin_4              p__Euryarchaeota (UID3)           148         188           125        101    85   2    0    0    0       49.07            1.60              50.00          
  bin_10         c__Gammaproteobacteria (UID4201)      1164        275           174        130   108   33   4    0    0       48.96           13.68               6.67          
  bin_12              k__Bacteria (UID1453)            901         171           117         77    91   3    0    0    0       48.63            1.36              33.33          
  bin_1               k__Bacteria (UID3187)            2258        190           119         93    93   4    0    0    0       44.95            1.73              50.00          
  bin_21               k__Bacteria (UID203)            5449        104            58         72    25   7    0    0    0       38.24            7.18              42.86          
  bin_18             p__Euryarchaeota (UID3)           148         188           125        126    62   0    0    0    0       31.73            0.00               0.00          
  bin_19              k__Bacteria (UID2565)            2921        143            87        109    34   0    0    0    0       22.46            0.00               0.00          
  bin_8              p__Euryarchaeota (UID3)           148         188           125        138    50   0    0    0    0       17.15            0.00               0.00          
  bin_9                k__Bacteria (UID203)            5449        104            58         98    6    0    0    0    0        8.62            0.00               0.00          
  bin_5                    root (UID1)                 5656         56            24         54    2    0    0    0    0        8.33            0.00               0.00          
  bin_13                   root (UID1)                 5656         56            24         54    2    0    0    0    0        8.33            0.00               0.00          
  bin_7                k__Bacteria (UID203)            5449        103            57         99    4    0    0    0    0        3.51            0.00               0.00          
---------------------------------------------------------------------------------------------------------------------------------------------------------------------------------
